# max path
# easy problem

30 2 60
12
8
4
5
4
8
7
7
6
9
9
8
13
14
2
6
11
7
15
3
4
2
10
8
9
7
15
6
15
6
13
4
10
14
3
14
11
12
15
7
12
15
7
5
7
4
7
11
14
2
5
10
5
4
4
5
9
2
4
1
7
3
15
4
12
15
14
5
2
3
3
11
8
5
14
5
6
7
5
10
15
16
1
1
8
14
7
5
16
7
13
5
13
11
14
10
9
6
12
6
16
8
6
11
3
3
7
5
4
2
11
15
16
12
7
10
4
14
10
7
6
15
12
2
8
12
16
14
16
7
11
15
9
9
11
15
10
5
9
7
1
9
14
5
3
13
16
15
3
15
3
16
13
15
3
14
1
13
6
2
12
1
3
5
12
16
12
16
8
3
15
12
6
12
8
15
5
14
1
6
9
5
8
6
10
10
1
13
11
5
3
9
4
15
4
15
2
2
15
9
15
14
6
9
2
14
9
11
9
16
1
6
8
1
2
16
13
9
8
11
14
6
7
8
7
5
7
14
14
11
16
10
9
8
5
7
9
8
1
7
8
12
11
2
6
16
3
14
9
8
12
16
8
7
11
14
15
8
2
11
16
4
4
6
3
1
8
9
16
16
12
1
8
10
14
10
6
4
5
9
7
16
11
5
9
9
15
2
14
3
3
15
10
9
14
16
12
9
4
2
6
9
9
7
15
3
1
1
15
6
1
5
7
10
7
7
10
7
1
9
11
1
5
3
1
2
12
14
7
15
7
5
15
9
9
9
16
1
12
3
16
2
9
7
16
2
6
1
11
8
12
13
14
4
12
12
10
3
15
1
15
15
2
11
9
5
16
2
5
12
7
11
13
2
8
14
6
12
12
2
3
6
5
5
14
13
5
7
1
13
8
6
2
13
9
13
16
7
15
9
4
12
5
3
3
11
13
12
13
3
4
6
1
1
6
6
13
15
10
12
1
13
8
15
1
8
4
2
4
3
10
6
16
16
3
8
15
9
2
9
1
14
7
7
14
7
5
10
14
11
12
1
2
11
6
1
13
13
1
8
12
14
8
16
3
10
3
1
15
4
7
5
9
8
15
3
5
13
13
10
5
4
4
1
10
3
10
7
2
7
7
10
1
14
11
2
6
10
3
12
14
1
9
7
11
12
12
16
10
12
13
12
14
15
3
8
4
16
10
7
14
6
16
5
16
6
14
1
15
14
6
6
11
8
15
1
3
2
2
10
6
2
13
12
6
7
14
16
11
15
2
3
13
10
14
12
10
3
6
4
8
14
13
7
9
12
3
4
8
2
6
6
1
12
10
4
15
4
16
9
7
13
7
16
16
8
3
2
6
8
4
3
10
14
7
7
11
3
16
14
11
4
11
3
8
13
15
10
16
6
7
8
2
16
12
3
16
3
1
16
3
15
15
12
15
14
5
14
16
1
1
5
5
12
12
3
3
13
5
10
4
13
1
6
13
16
13
2
3
16
5
6
12
1
4
3
6
11
3
4
14
8
8
6
3
16
3
12
6
10
4
12
1
11
12
11
14
3
12
13
5
12
7
12
14
7
16
15
6
2
14
16
11
4
6
12
2
12
12
7
12
1
8
3
2
2
16
13
15
13
11
3
13
15
9
16
13
7
11
10
11
7
7
10
7
3
4
4
13
9
12
4
8
7
6
3
7
6
2
8
2
8
11
2
11
15
11
2
8
16
4
14
3
3
4
7
11
14
2
7
9
9
13
6
10
7
7
14
11
4
15
5
10
2
5
16
16
4
2
11
4
7
4
12
14
3
6
12
2
10
2
12
15
9
2
4
15
5
5
11
4
12
6
1
10
3
3
9
10
7
12
5
5
7
10
8
2
7
5
6
6
10
12
1
14
12
12
1
15
4
9
4
12
4
12
1
16
16
14
6
4
2
5
1
2
14
12
1
1
15
10
13
14
8
12
4
5
7
12
1
2
1
15
7
12
9
2
5
4
3
7
6
3
1
10
5
9
8
16
8
4
4
5
16
7
4
1
11
12
2
5
8
12
3
9
9
1
1
6
9
